   0.00000000       8.52344856E-02   160.000000    
  0.322214633      0.315360963       160.000000    
  0.644429266      0.660322666       160.000000    
  0.966643929      0.810025394       160.000000    
   1.28885853      0.895393252       160.000000    
   1.61107314       1.07085896       160.000000    
   1.93328786       1.16645670       160.000000    
   2.25550246      0.890256882       160.000000    
   2.57771707      0.467355251       160.000000    
   2.89993167      0.335340381       160.000000    
   3.22214627      -4.83360216E-02   160.000000    
   3.54436088     -0.234565780       160.000000    
   3.86657572     -0.573700428       160.000000    
   4.18879032     -0.930545390       160.000000    
   4.51100492      -1.04824042       160.000000    
   4.83321953     -0.968299508       160.000000    
   5.15543413     -0.829686761       160.000000    
   5.47764874     -0.713711143       160.000000    
   5.79986334     -0.537595809       160.000000    
   6.12207794     -0.256095201       160.000000    
   6.44429255      0.227042556       160.000000    
   6.76650715      0.379589826       160.000000    
   7.08872175      0.726616621       160.000000    
   7.41093636      0.922940135       160.000000    
   7.73315144      0.934689820       160.000000    
   8.05536556      0.938522339       160.000000    
   8.37758064      0.751247168       160.000000    
   8.69979477      0.695001900       160.000000    
   9.02200985      0.440352410       160.000000    
   9.34422398      0.115799539       160.000000    
   9.66643906     -0.290482402       160.000000    
   9.98865318     -0.574512541       160.000000    
   10.3108683     -0.716142476       160.000000    
   10.6330833     -0.979006410       160.000000    
   10.9552975     -0.952903807       160.000000    
   11.2775126     -0.896204770       160.000000    
   11.5997267     -0.819699407       160.000000    
   11.9219418     -0.601184964       160.000000    
   12.2441559     -0.320398450       160.000000    
   12.5663710       8.72830823E-02   160.000000    
